0.358203 0.205664
0.459180 0.113281
0.463477 0.108984
0.463477 0.108984
0.465625 0.104687
0.474219 0.098242
0.489258 0.074609
0.502148 0.055273
0.517188 0.035937
0.523633 0.025195
0.530078 0.020898
0.358203 0.023047
0.332422 0.087500
0.302344 0.158398
0.276563 0.246484
0.261523 0.291602
0.244336 0.343164
0.244336 0.358203
0.244336 0.392578
0.248633 0.441992
0.265820 0.508594
0.287305 0.579492
0.317383 0.661133
0.334570 0.691211
0.360352 0.714844
0.405469 0.725586
0.523633 0.712695
0.575195 0.695508
0.624609 0.669727
0.676172 0.609570
0.701953 0.560156
0.721289 0.517188
0.751367 0.439844
0.751367 0.392578
0.742773 0.362500
0.716992 0.291602
0.695508 0.242188
0.637500 0.154102
0.573047 0.089648
0.517188 0.012305
1.258398 0.087500
1.318555 0.179883
1.331445 0.214258
1.325000 0.220703
1.318555 0.222852
1.297070 0.229297
1.256250 0.229297
1.185352 0.225000
1.077930 0.225000
0.972656 0.237891
0.921094 0.250781
0.848047 0.276562
0.794336 0.300195
0.738477 0.325977
0.704102 0.343164
0.689063 0.353906
0.671875 0.373242
0.652539 0.399023
0.628906 0.433398
0.607422 0.450586
0.564453 0.484961
0.540820 0.497852
0.515039 0.508594
0.497852 0.517188
0.484961 0.517188
0.478516 0.517188
0.469922 0.512891
0.441992 0.484961
0.431250 0.454883
0.431250 0.437695
0.439844 0.390430
0.463477 0.336719
0.480664 0.310938
0.508594 0.289453
0.555859 0.265820
0.620313 0.259375
0.734180 0.265820
0.802930 0.276562
0.822266 0.276562
0.822266 0.272266
0.824414 0.257227
0.824414 0.231445
0.815820 0.207812
0.807227 0.201367
0.783594 0.186328
0.721289 0.169141
0.654688 0.158398
0.583789 0.149805
0.504297 0.149805
0.450586 0.147656
0.416211 0.158398
0.392578 0.177734
0.362500 0.229297
0.336719 0.315234
0.302344 0.441992
0.263672 0.542969
0.222852 0.667578
0.199219 0.716992
0.194922 0.729883
0.192773 0.729883
0.182031 0.729883
0.173438 0.725586
0.147656 0.689063
0.134766 0.637500
0.106836 0.512891
0.076758 0.308789
0.061719 0.160547
0.055273 0.143359
0.055273 0.139062
0.055273 0.139062
0.055273 0.139062
0.055273 0.139062
0.055273 0.139062
0.055273 0.139062
0.072461 0.130469
0.134766 0.108984
0.188477 0.093945
0.225000 0.085352
0.225000 0.089648
0.237891 0.117578
0.231445 0.225000
0.190625 0.366797
0.160547 0.433398
0.141211 0.472070
0.136914 0.480664
0.136914 0.484961
0.136914 0.484961
0.141211 0.484961
0.156250 0.469922
0.177734 0.441992
0.190625 0.414063
0.190625 0.407617
0.190625 0.405469
0.186328 0.401172
0.182031 0.394727
0.175586 0.381836
0.171289 0.377539
0.171289 0.375391
0.156250 0.399023
0.132617 0.474219
0.102539 0.570898
0.098242 0.598828
0.087500 0.710547
0.074609 0.775000
0.070313 0.796484
0.066016 0.820117
0.061719 0.828711
0.059570 0.837305
0.059570 0.841602
0.063867 0.848047
0.085352 0.873828
0.111133 0.893164
0.128320 0.906055
0.147656 0.914648
0.154102 0.916797
0.190625 0.910352
0.244336 0.910352
0.308789 0.910352
0.414063 0.910352
0.478516 0.910352
0.605273 0.888867
0.686914 0.878125
0.727734 0.867383
0.751367 0.860938
0.762109 0.854492
0.768555 0.845898
0.787891 0.830859
0.798633 0.817969
0.807227 0.794336
0.807227 0.783594
0.802930 0.775000
0.785742 0.757813
0.764258 0.742773
0.729883 0.721289
0.691211 0.697656
0.663281 0.682617
0.624609 0.661133
0.603125 0.646094
0.568750 0.622461
0.542969 0.605273
0.519336 0.590234
0.497852 0.577344
0.465625 0.558008
0.452734 0.547266
0.437695 0.534375
0.437695 0.532227
0.435547 0.532227
0.435547 0.525781
0.437695 0.515039
0.446289 0.502148
0.480664 0.469922
0.540820 0.433398
0.609570 0.401172
0.622461 0.394727
0.669727 0.403320
0.762109 0.461328
0.850195 0.534375
0.925391 0.609570
0.994141 0.716992
1.000586 0.729883
1.000586 0.734180
0.989844 0.742773
0.959766 0.749219
0.931836 0.744922
0.916797 0.736328
0.908203 0.721289
0.908203 0.699805
0.916797 0.635352
0.931836 0.568750
0.953320 0.450586
0.959766 0.399023
0.955469 0.375391
0.949023 0.373242
0.938281 0.379687
0.897461 0.420508
0.865234 0.482813
0.845898 0.534375
0.820117 0.616016
0.783594 0.725586
0.777148 0.729883
0.772852 0.734180
0.762109 0.734180
0.710547 0.734180
0.646094 0.742773
0.592383 0.755664
0.517188 0.772852
0.474219 0.790039
0.401172 0.802930
0.323828 0.822266
0.287305 0.833008
0.287305 0.833008
0.287305 0.833008
0.291602 0.837305
0.306641 0.841602
0.353906 0.852344
0.414063 0.856641
0.463477 0.860938
0.497852 0.860938
0.523633 0.860938
0.547266 0.860938
0.570898 0.856641
0.590234 0.845898
0.618164 0.839453
0.637500 0.833008
0.639648 0.828711
0.639648 0.828711
0.646094 0.830859
0.648242 0.833008
0.652539 0.837305
0.652539 0.839453
0.654688 0.843750
0.650391 0.850195
0.650391 0.850195
0.641797 0.854492
0.633203 0.856641
0.611719 0.860938
0.545117 0.878125
0.527930 0.878125
0.504297 0.873828
0.480664 0.856641
0.450586 0.798633
0.433398 0.725586
0.420508 0.663281
0.411914 0.605273
0.394727 0.549414
0.371094 0.491406
0.351758 0.452734
0.328125 0.426953
0.308789 0.407617
0.285156 0.399023
0.272266 0.403320
0.257227 0.444141
0.246484 0.502148
0.246484 0.512891
0.257227 0.538672
0.276563 0.549414
0.360352 0.553711
0.540820 0.547266
0.667578 0.525781
0.744922 0.512891
0.751367 0.510742
0.751367 0.506445
0.747070 0.493555
0.723438 0.431250
0.682617 0.319531
0.661133 0.276562
0.628906 0.216406
0.622461 0.207812
0.622461 0.207812
0.605273 0.231445
0.581641 0.328125
0.575195 0.373242
0.570898 0.377539
0.558008 0.379687
0.540820 0.366797
0.484961 0.304492
0.429102 0.225000
0.383984 0.179883
0.356055 0.149805
0.347461 0.141211
0.338867 0.143359
0.317383 0.166992
0.289453 0.233594
0.270117 0.295898
0.270117 0.315234
0.278711 0.332422
0.289453 0.338867
0.358203 0.332422
0.480664 0.302344
0.566602 0.274414
0.626758 0.250781
0.646094 0.240039
0.654688 0.235742
0.667578 0.229297
0.686914 0.222852
0.710547 0.209961
0.734180 0.164844
0.747070 0.139062
0.749219 0.134766
0.755664 0.132617
0.768555 0.128320
0.811523 0.113281
0.856641 0.096094
0.871680 0.096094
0.875977 0.096094
0.878125 0.091797
0.878125 0.091797
0.873828 0.083203
0.865234 0.074609
0.858789 0.068164
0.852344 0.066016
0.843750 0.061719
0.826563 0.057422
0.792188 0.053125
0.770703 0.050977
0.742773 0.050977
0.721289 0.057422
0.697656 0.089648
0.682617 0.222852
0.727734 0.515039
0.762109 0.658984
0.828711 0.867383
0.839453 0.910352
0.839453 0.910352
0.835156 0.906055
0.824414 0.893164
0.798633 0.830859
0.798633 0.785742
0.802930 0.753516
0.813672 0.747070
0.854492 0.725586
0.886719 0.732031
0.931836 0.790039
0.970508 0.921094
0.983398 1.032813
0.966211 1.099414
0.966211 1.101563
0.938281 1.090820
0.897461 1.050000
0.826563 0.972656
0.777148 0.908203
0.770703 0.893164
0.766406 0.888867
0.759961 0.897461
0.751367 0.910352
0.740625 0.918945
0.693359 0.929688
0.643945 0.933984
0.594531 0.933984
0.506445 0.938281
0.457031 0.944727
0.405469 0.949023
0.377539 0.953320
0.345313 0.953320
0.304492 0.957617
0.263672 0.957617
0.231445 0.961914
0.203516 0.961914
0.197070 0.959766
0.194922 0.955469
0.188477 0.951172
0.177734 0.936133
0.169141 0.923242
0.166992 0.901758
0.169141 0.875977
0.182031 0.856641
0.199219 0.839453
0.229297 0.824414
0.285156 0.809375
0.293750 0.809375
0.298047 0.809375
0.298047 0.809375
0.287305 0.802930
0.248633 0.751367
0.199219 0.671875
0.141211 0.581641
0.132617 0.558008
0.141211 0.527930
0.156250 0.512891
0.197070 0.495703
0.255078 0.489258
0.306641 0.506445
0.334570 0.519336
0.371094 0.564453
0.381836 0.618164
0.381836 0.622461
0.371094 0.631055
0.349609 0.624609
0.267969 0.590234
0.242188 0.575195
0.173438 0.532227
0.166992 0.519336
0.149805 0.489258
0.128320 0.394727
0.111133 0.321680
0.096094 0.270117
0.072461 0.201367
0.068164 0.188477
0.068164 0.166992
0.085352 0.147656
0.136914 0.119727
0.151953 0.119727
0.154102 0.119727
0.158398 0.126172
0.156250 0.128320
0.151953 0.132617
0.149805 0.139062
0.143359 0.151953
0.130469 0.179883
0.111133 0.237891
0.093945 0.272266
0.070313 0.315234
0.048828 0.371094
0.040234 0.392578
0.035938 0.399023
0.035938 0.399023
0.044531 0.399023
0.050977 0.396875
0.061719 0.383984
0.072461 0.373242
0.085352 0.364648
0.100391 0.345313
0.124023 0.323828
0.162695 0.289453
0.201367 0.242188
0.218555 0.220703
0.240039 0.192773
0.244336 0.179883
0.233594 0.166992
0.229297 0.158398
0.203516 0.121875
0.188477 0.093945
0.175586 0.083203
0.173438 0.078906
0.173438 0.076758
0.171289 0.076758
0.171289 0.076758
0.166992 0.072461
0.158398 0.068164
0.156250 0.066016
0.147656 0.055273
0.143359 0.050977
0.141211 0.048828
0.141211 0.046680
0.147656 0.033789
0.164844 0.020898
0.177734 0.016602
0.192773 0.014453
0.237891 0.008008
0.298047 0.003711
0.515039 0.005859
0.568750 0.014453
0.622461 0.033789
0.639648 0.048828
0.680469 0.111133
0.704102 0.175586
0.725586 0.231445
0.734180 0.270117
0.725586 0.302344
0.710547 0.315234
0.686914 0.328125
0.678320 0.330273
0.667578 0.323828
0.658984 0.317383
0.622461 0.259375
0.592383 0.207812
0.538672 0.162695
0.502148 0.130469
0.491406 0.130469
0.474219 0.156250
0.452734 0.274414
0.484961 0.439844
0.566602 0.564453
0.641797 0.607422
0.719141 0.641797
0.794336 0.654688
0.815820 0.650391
0.824414 0.637500
0.839453 0.585938
0.843750 0.491406
0.850195 0.364648
0.850195 0.300195
0.833008 0.240039
0.826563 0.225000
0.817969 0.231445
0.800781 0.259375
0.779297 0.310938
0.762109 0.345313
0.742773 0.364648
0.714844 0.392578
0.684766 0.420508
0.665430 0.441992
0.641797 0.467773
0.609570 0.525781
0.581641 0.588086
0.581641 0.588086
0.581641 0.596680
0.590234 0.603125
0.669727 0.620313
0.744922 0.620313
0.766406 0.620313
0.777148 0.620313
0.783594 0.605273
0.792188 0.553711
0.787891 0.517188
0.777148 0.506445
0.775000 0.504297
0.762109 0.497852
0.755664 0.497852
0.732031 0.510742
0.701953 0.538672
0.667578 0.573047
0.663281 0.573047
0.656836 0.577344
0.639648 0.555859
0.613867 0.517188
0.585938 0.441992
0.577344 0.394727
0.581641 0.383984
0.663281 0.328125
0.721289 0.302344
0.734180 0.295898
0.738477 0.295898
0.744922 0.298047
0.749219 0.304492
0.318203 0.205664
0.419180 0.113281
0.413477 0.108984
0.413477 0.108984
0.415625 0.104687
0.414219 0.098242
0.419258 0.074609
0.512148 0.055273
0.517188 0.035937
0.513633 0.025195
0.510078 0.020898
0.318203 0.023047
0.312422 0.087500
0.312344 0.158398
0.216563 0.246484
0.211523 0.291602
0.214336 0.343164
0.214336 0.358203
0.214336 0.392578
0.218633 0.441992
0.215820 0.508594
0.217305 0.579492
0.317383 0.661133
0.314570 0.691211
0.310352 0.714844
0.415469 0.725586
0.513633 0.712695
0.515195 0.695508
0.614609 0.669727
0.616172 0.609570
0.711953 0.560156
0.711289 0.517188
0.711367 0.439844
0.711367 0.392578
0.712773 0.362500
0.716992 0.291602
0.615508 0.242188
0.617500 0.154102
0.513047 0.089648
0.517188 0.012305
1.218398 0.087500
1.318555 0.179883
1.311445 0.214258
1.315000 0.220703
1.318555 0.222852
1.217070 0.229297
1.216250 0.229297
1.115352 0.225000
1.017930 0.225000
0.912656 0.237891
0.911094 0.250781
0.818047 0.276562
0.714336 0.300195
0.718477 0.325977
0.714102 0.343164
0.619063 0.353906
0.611875 0.373242
0.612539 0.399023
0.618906 0.433398
0.617422 0.450586
0.514453 0.484961
0.510820 0.497852
0.515039 0.508594
0.417852 0.517188
0.414961 0.517188
0.418516 0.517188
0.419922 0.512891
0.411992 0.484961
0.411250 0.454883
0.411250 0.437695
0.419844 0.390430
0.413477 0.336719
0.410664 0.310938
0.518594 0.289453
0.515859 0.265820
0.610313 0.259375
0.714180 0.265820
0.812930 0.276562
0.812266 0.276562
0.812266 0.272266
0.814414 0.257227
0.814414 0.231445
0.815820 0.207812
0.817227 0.201367
0.713594 0.186328
0.711289 0.169141
0.614688 0.158398
0.513789 0.149805
0.514297 0.149805
0.410586 0.147656
0.416211 0.158398
0.312578 0.177734
0.312500 0.229297
0.316719 0.315234
0.312344 0.441992
0.213672 0.542969
0.212852 0.667578
0.119219 0.716992
0.114922 0.729883
0.112773 0.729883
0.112031 0.729883
0.113438 0.725586
0.117656 0.689063
0.114766 0.637500
0.116836 0.512891
0.016758 0.308789
0.011719 0.160547
0.015273 0.143359
0.015273 0.139062
0.015273 0.139062
0.015273 0.139062
0.015273 0.139062
0.015273 0.139062
0.015273 0.139062
0.012461 0.130469
0.114766 0.108984
0.118477 0.093945
0.215000 0.085352
0.215000 0.089648
0.217891 0.117578
0.211445 0.225000
0.110625 0.366797
0.110547 0.433398
0.111211 0.472070
0.116914 0.480664
0.116914 0.484961
0.116914 0.484961
0.111211 0.484961
0.116250 0.469922
0.117734 0.441992
0.110625 0.414063
0.110625 0.407617
0.110625 0.405469
0.116328 0.401172
0.112031 0.394727
0.115586 0.381836
0.111289 0.377539
0.111289 0.375391
0.116250 0.399023
0.112617 0.474219
0.112539 0.570898
0.018242 0.598828
0.017500 0.710547
0.014609 0.775000
0.010313 0.796484
0.016016 0.820117
0.011719 0.828711
0.019570 0.837305
0.019570 0.841602
0.013867 0.848047
0.015352 0.873828
0.111133 0.893164
0.118320 0.906055
0.117656 0.914648
0.114102 0.916797
0.110625 0.910352
0.214336 0.910352
0.318789 0.910352
0.414063 0.910352
0.418516 0.910352
0.615273 0.888867
0.616914 0.878125
0.717734 0.867383
0.711367 0.860938
0.712109 0.854492
0.718555 0.845898
0.717891 0.830859
0.718633 0.817969
0.817227 0.794336
0.817227 0.783594
0.812930 0.775000
0.715742 0.757813
0.714258 0.742773
0.719883 0.721289
0.611211 0.697656
0.613281 0.682617
0.614609 0.661133
0.613125 0.646094
0.518750 0.622461
0.512969 0.605273
0.519336 0.590234
0.417852 0.577344
0.415625 0.558008
0.412734 0.547266
0.417695 0.534375
0.417695 0.532227
0.415547 0.532227
0.415547 0.525781
0.417695 0.515039
0.416289 0.502148
0.410664 0.469922
0.510820 0.433398
0.619570 0.401172
0.612461 0.394727
0.619727 0.403320
0.712109 0.461328
0.810195 0.534375
0.915391 0.609570
0.914141 0.716992
1.010586 0.729883
1.010586 0.734180
0.919844 0.742773
0.919766 0.749219
0.911836 0.744922
0.916797 0.736328
0.918203 0.721289
0.918203 0.699805
0.916797 0.635352
0.911836 0.568750
0.913320 0.450586
0.919766 0.399023
0.915469 0.375391
0.919023 0.373242
0.918281 0.379687
0.817461 0.420508
0.815234 0.482813
0.815898 0.534375
0.810117 0.616016
0.713594 0.725586
0.717148 0.729883
0.712852 0.734180
0.712109 0.734180
0.710547 0.734180
0.616094 0.742773
0.512383 0.755664
0.517188 0.772852
0.414219 0.790039
0.411172 0.802930
0.313828 0.822266
0.217305 0.833008
0.217305 0.833008
0.217305 0.833008
0.211602 0.837305
0.316641 0.841602
0.313906 0.852344
0.414063 0.856641
0.413477 0.860938
0.417852 0.860938
0.513633 0.860938
0.517266 0.860938
0.510898 0.856641
0.510234 0.845898
0.618164 0.839453
0.617500 0.833008
0.619648 0.828711
0.619648 0.828711
0.616094 0.830859
0.618242 0.833008
0.612539 0.837305
0.612539 0.839453
0.614688 0.843750
0.610391 0.850195
0.610391 0.850195
0.611797 0.854492
0.613203 0.856641
0.611719 0.860938
0.515117 0.878125
0.517930 0.878125
0.514297 0.873828
0.410664 0.856641
0.410586 0.798633
0.413398 0.725586
0.410508 0.663281
0.411914 0.605273
0.314727 0.549414
0.311094 0.491406
0.311758 0.452734
0.318125 0.426953
0.318789 0.407617
0.215156 0.399023
0.212266 0.403320
0.217227 0.444141
0.216484 0.502148
0.216484 0.512891
0.217227 0.538672
0.216563 0.549414
0.310352 0.553711
0.510820 0.547266
0.617578 0.525781
0.714922 0.512891
0.711367 0.510742
0.711367 0.506445
0.717070 0.493555
0.713438 0.431250
0.612617 0.319531
0.611133 0.276562
0.618906 0.216406
0.612461 0.207812
0.612461 0.207812
0.615273 0.231445
0.511641 0.328125
0.515195 0.373242
0.510898 0.377539
0.518008 0.379687
0.510820 0.366797
0.414961 0.304492
0.419102 0.225000
0.313984 0.179883
0.316055 0.149805
0.317461 0.141211
0.318867 0.143359
0.317383 0.166992
0.219453 0.233594
0.210117 0.295898
0.210117 0.315234
0.218711 0.332422
0.219453 0.338867
0.318203 0.332422
0.410664 0.302344
0.516602 0.274414
0.616758 0.250781
0.616094 0.240039
0.614688 0.235742
0.617578 0.229297
0.616914 0.222852
0.710547 0.209961
0.714180 0.164844
0.717070 0.139062
0.719219 0.134766
0.715664 0.132617
0.718555 0.128320
0.811523 0.113281
0.816641 0.096094
0.811680 0.096094
0.815977 0.096094
0.818125 0.091797
0.818125 0.091797
0.813828 0.083203
0.815234 0.074609
0.818789 0.068164
0.812344 0.066016
0.813750 0.061719
0.816563 0.057422
0.712188 0.053125
0.710703 0.050977
0.712773 0.050977
0.711289 0.057422
0.617656 0.089648
0.612617 0.222852
0.717734 0.515039
0.712109 0.658984
0.818711 0.867383
0.819453 0.910352
0.819453 0.910352
0.815156 0.906055
0.814414 0.893164
0.718633 0.830859
0.718633 0.785742
0.812930 0.753516
0.813672 0.747070
0.814492 0.725586
0.816719 0.732031
0.911836 0.790039
0.910508 0.921094
0.913398 1.032813
0.916211 1.099414
0.916211 1.101563
0.918281 1.090820
0.817461 1.050000
0.816563 0.972656
0.717148 0.908203
0.710703 0.893164
0.716406 0.888867
0.719961 0.897461
0.711367 0.910352
0.710625 0.918945
0.613359 0.929688
0.613945 0.933984
0.514531 0.933984
0.516445 0.938281
0.417031 0.944727
0.415469 0.949023
0.317539 0.953320
0.315313 0.953320
0.314492 0.957617
0.213672 0.957617
0.211445 0.961914
0.213516 0.961914
0.117070 0.959766
0.114922 0.955469
0.118477 0.951172
0.117734 0.936133
0.119141 0.923242
0.116992 0.901758
0.119141 0.875977
0.112031 0.856641
0.119219 0.839453
0.219297 0.824414
0.215156 0.809375
0.213750 0.809375
0.218047 0.809375
0.218047 0.809375
0.217305 0.802930
0.218633 0.751367
0.119219 0.671875
0.111211 0.581641
0.112617 0.558008
0.111211 0.527930
0.116250 0.512891
0.117070 0.495703
0.215078 0.489258
0.316641 0.506445
0.314570 0.519336
0.311094 0.564453
0.311836 0.618164
0.311836 0.622461
0.311094 0.631055
0.319609 0.624609
0.217969 0.590234
0.212188 0.575195
0.113438 0.532227
0.116992 0.519336
0.119805 0.489258
0.118320 0.394727
0.111133 0.321680
0.016094 0.270117
0.012461 0.201367
0.018164 0.188477
0.018164 0.166992
0.015352 0.147656
0.116914 0.119727
0.111953 0.119727
0.114102 0.119727
0.118398 0.126172
0.116250 0.128320
0.111953 0.132617
0.119805 0.139062
0.113359 0.151953
0.110469 0.179883
0.111133 0.237891
0.013945 0.272266
0.010313 0.315234
0.018828 0.371094
0.010234 0.392578
0.015938 0.399023
0.015938 0.399023
0.014531 0.399023
0.010977 0.396875
0.011719 0.383984
0.012461 0.373242
0.015352 0.364648
0.110391 0.345313
0.114023 0.323828
0.112695 0.289453
0.211367 0.242188
0.218555 0.220703
0.210039 0.192773
0.214336 0.179883
0.213594 0.166992
0.219297 0.158398
0.213516 0.121875
0.118477 0.093945
0.115586 0.083203
0.113438 0.078906
0.113438 0.076758
0.111289 0.076758
0.111289 0.076758
0.116992 0.072461
0.118398 0.068164
0.116250 0.066016
0.117656 0.055273
0.113359 0.050977
0.111211 0.048828
0.111211 0.046680
0.117656 0.033789
0.114844 0.020898
0.117734 0.016602
0.112773 0.014453
0.217891 0.008008
0.218047 0.003711
0.515039 0.005859
0.518750 0.014453
0.612461 0.033789
0.619648 0.048828
0.610469 0.111133
0.714102 0.175586
0.715586 0.231445
0.714180 0.270117
0.715586 0.302344
0.710547 0.315234
0.616914 0.328125
0.618320 0.330273
0.617578 0.323828
0.618984 0.317383
0.612461 0.259375
0.512383 0.207812
0.518672 0.162695
0.512148 0.130469
0.411406 0.130469
0.414219 0.156250
0.412734 0.274414
0.414961 0.439844
0.516602 0.564453
0.611797 0.607422
0.719141 0.641797
0.714336 0.654688
0.815820 0.650391
0.814414 0.637500
0.819453 0.585938
0.813750 0.491406
0.810195 0.364648
0.810195 0.300195
0.813008 0.240039
0.816563 0.225000
0.817969 0.231445
0.810781 0.259375
0.719297 0.310938
0.712109 0.345313
0.712773 0.364648
0.714844 0.392578
0.614766 0.420508
0.615430 0.441992
0.611797 0.467773
0.619570 0.525781
0.511641 0.588086
0.511641 0.588086
0.511641 0.596680
0.510234 0.603125
0.619727 0.620313
0.714922 0.620313
0.716406 0.620313
0.717148 0.620313
0.713594 0.605273
0.712188 0.553711
0.717891 0.517188
0.717148 0.506445
0.715000 0.504297
0.712109 0.497852
0.715664 0.497852
0.712031 0.510742
0.711953 0.538672
0.617578 0.573047
0.613281 0.573047
0.616836 0.577344
0.619648 0.555859
0.613867 0.517188
0.515938 0.441992
0.517344 0.394727
0.511641 0.383984
0.613281 0.328125
0.711289 0.302344
0.714180 0.295898
0.718477 0.295898
0.714922 0.298047
0.719219 0.304492
